0000100011100110101011101100001000001010110011110011100110011001
0011000110011010100101001111000101100100011101111001111001111111
1101100010110101110010111101110111111100000100001100101111100010
1110010001100001010111100010100011111101110001110010101101000000
1101010111110110110100101111011110001011000010110110100010111111
1111001011000100111100101011000101101010110110001101101000010110
0000110001001111000101011100101011111100100011001000010000101010
1100100100010010111101100001100000010000011011111010011000000110
0000101011001111011010011001000001000011000010101011011011101100
1100111010000000101111100011111101011110111011010011000111100010
1111001001011101111011111100000111010111010101100010001011000011
1110110101101110110111010101100000100001110111001010010010101101
0010110100100110111010011110000010011010000000001111010010111100
1110100101000000100110110101011111100000100001011010101001010010
0011110000111110111011111100000000001101011001110011110000001001
1100000010111101100101110101101010111001000001010001011001000110
0001011010000001010110111010110011101011100000000000011000010000
0011010110000001000100001011111010101001011100011110100001111011
0001111100100011110011010110001111111111110100000100101001011010
0000100100111101011010111101001110111110010110011100000110101011
0001100000011111011101010011011101011100000111001001001111001110
1111111100010011011000001000100110111001111000110111110010010001
0010001001001100110110111101101111010101110000010001100011001110
1101100111101101111101100011000101001110111011001110011001001000
1110111010010001110110010001011000110001010101000100111101010100
1110110100010100010111001010100101110111101010011001100011011101
0010101010100011000110110000010011110110110010110110101000010001
1100001101110011010100011100100110000001101101101100110001000101
0011100100000101100010001011000011101011101000111111011111111001
1110001111101010110000101001000100001011010000000101110010011000
0000000000001000010110110011011111010110101101101101001110000000
1111000110000110101100101111011010001101011000011100100001100010
1101011110100100001100001011111000001101110111111001010111001010
0000000000000010000110101101100110000010111000011000010111011111
0011110011011101001011010000110001101001001110111100000100010101
1100110100101100100001000001000001100101110100111100110001111001
1110100101000110100100100011001000010001111100010111000101100101
0011111110011110000000000001000101110110010001000011010001110010
0001110100010110000000101101100011100011100001110101111011101001
0001000011110100101111111011011011111111001000010111001001111111
0000001001001010110010011101001110000000110011101010011001100000
0001000000100001110110110011010000010010100111000000011100000000
1100100111110011011100010010110101111000110111101011011100101111
0000110010011000100010011111010010010101010010011001100011110011
1111110111011100100001110010101011000010101101111000110000000111
0011010010110101011110001111010011100101011010001001001111101101
0000110011001001101001101110111100001011001011111111111111011001
1110000110001001100000010110010111001110100100110010010100001000
1110011111011100101101100110001101111010001100100000011011010010
1101000011111100100010110110010011001000101111010010010011110101
1111101010011010101100100000011101011100111110111000010001110010
0001000000010101000111010001000010001110111000011011001100010110
0001100111111010110111110011000110010010001110010011111110011111
0000110111001110010010100110010111111001011100011110001000010101
0000111001110011110100111010011000100000111001000001000001111101
0000111110000000001111100110111111011010110111010101111000001100
1110000001000011110001101110001101110110011100101011101000111111
0011010110101011111101100000101011010010001010011101000110101010
0010111010100100011101010110100000101011101011010000011111100000
0001011111110101010011110111010000000110010100000011101011000111
0010100011010000100010001011000110000000100011011100011011011111
1111101111010010101000100110111011010101111110101101001111010100
1101101011110110110110100010001001110011001001111110110110010100
1101001010000010111101010000100111100001101110110110011111000010
1111000001011111010010010110110000110011001101011101001000001100
0011000110000111000010010111101110000101111011111011111001100010
1101000000000001001110110100100111010001101101010011001110001110
0001010000011000111011100101111100110010111100010011100001010111
0000110000010000101100010110010100111110001010010100011111111101
0000000111101000111000100110010101000110011001110000101111011110
1111011110000000100100000110111111100110101101011111100110000010
1100011110111100010011000000011100011111101010100011001010011001
1100000100001110000110111010100100011111001000000010000011110010
1101110001110001101011000000001101001011001010000010100001111010
0010010001101110111010101101100000111001000111011101000100100010
1110001000001100001000011001100100001100000000011000111110001010
0000111110000101111010100111000111110100101110111000010101001010
0000010100100110001101111111101010010010010111000101111101010000
1111010110011001000010111001010000110011110101101011100101100010
0000001000100101011000001101100100001111001101000111011010000011
0011100011110000001111100110011111001100001110100110010100100100
1100010010010100100010010101000111000111110010000011001110010000
0000001010111111101001001011111110110000111011100010000111010010
0011101110101011000001010011111101100011110100110110011001100100
1100011111000000110011010001101101010100011010100101001001011111
0001000001111101101010010000000101010100110110010010110001100001
0011010111100011000001011100101110111000101011100010111000000000
0001011100110000010000001101110001010110101111000011100000011011
0000100010010000101010011100011100110010011011110111100010100100
1111101100000101111011101110010100011000011100101010000000010101
1101100111010111100010110010110001110000100000100010100100101100
0001100001100101000111100111000101111000101100001101110000010110
1101011001011111001110010010000001100100000001010110101110010000
0001010001001010001100001100001101000011001101011110010111001001
0000010000101010011101001100011000110000011101110111010111001111
0010001010001111100001000001111100101010101011000100000100000111
0000111101101011000101110000001001010011010011000110101100010001
0010011001111110101100010001011011011001111110001011100100011010
0000111001011000010110100011100010111011100101101000001101000101
1110001000001010111001100011001011001010101110111000110001010010
