0010110100110001000000010001110000110111100100100001111000000011
1101001111101111001101001011010010101010011110111001000100110011
1100011111111100100000110001011101011000110101000001111000110010
1110001101110100010000000001111110110111011010011011101111010011
1110000010001100001011100100000100111110010010011110000001010000
1101100011111010101000101110100101001111011011111101111000000100
1100111101100010001101111101111101011010101100100100011011100000
1110100111010010000001110101111000011100001101010101010000101111
1101011110010101101011010111000000111111010111000111111110001101
0010101000011010000011010110000010010001001010110010101101110110
1110100010111000000001001000111110011110010111011110010011001001
1111010100111100111101101101001111001100000100000000100110011011
0001111000011101000100111111011101111001101100100001110010000111
1110101111111001010001001000000111111100001101010111101000001101
1111101000011000111010100000110011110010110110111111011100111100
0001111010001011001101100110001010111000111001011101101110000110
1110000010000010100000001001111110101111000111111010000011101111
1111101101000000001011100100010000011001100100011001111111110010
1100111111110110010001011110101010001110010111000000000111011100
0001111000110101111111101000010000100000010100001000111000110110
0010000011011111000101010101011111000000111110001101101011110110
1100110110110001101101110011001110111010010000110001111111110100
1100010110011001001000101000001011110100111000110100101111111001
1101010111001000000000110010011000111110111100101011011011001011
1100011101111010101100011000111110111011010101101000110101101001
1101111011010110001100101111101110111011100110010111110101001010
1110011001111001000001001010110001011111101111001001101010011101
1101110001111010011110110111011101011000011101111110011000011001
0010110101100001010011011101101111011011001111001100000101001111
1101011001110110100100001001100100111101011011011010110101011101
0011111111101111101001010000010011000001101001101111110100101001
0001100101001101010001000111000000100000011111100111111111010010
1111001001010010011111100101111011101010000101110010001011100111
1100011110110001011100111110100001010000010010011111010001111101
0001001111010111010111011011101010010010110000111111001110000000
0011111010011100001000011001001001110110110000111101011101000100
1110001001110110111011101100111001001100010100110100101100100110
1110011010001011111111111010101101010110001110001011101101101001
0001110111011011100111010010100001100100001001011011101110010000
1111011110000010000111101000101000000100001010101111010001000001
0000010001101010010000100101100000100010100100110101100010001010
0010110101010010010111010101001000100101100010010001011001001001
0000010111110011001110101000010011010111010010110010011101101000
0001110101001111101000100011111000011100101000010110010010010010
0010010001111101010010111010111001100000101110001110001010001010
0001111111011100111101010110100011110010001011001011011110011110
1100110110001100101000011101010001011110101001001110000100000111
1100110111000111010011110000001111101001100011001100000100001000
1100101101100101001001000100110011100110011101111111100101111111
1101001110110101101100101111011000110111111110000001101010100010
0001010110100111001101110101010100001001001110010000100010000101
1101000000010110111001110000000100001110001111100001011101100010
1110011011101011101001001011001000100111110110010011100010011110
1111001111000111001111101101101110111111111101100111000100000100
0000011010001011100011000010000000100001001101101111011000011001
1101001000001010001001001001011000100101000110001000001001000111
1101011101101000011100101011000100101110011110001001110101000011
0001100111111110011111001111001100010101011011111111011001011010
1111011010011111101001110011101000100010101100000100011001101000
1101111000100110101001101010100000011000000011100100010101010101
0010100111010111100100100101000010100000100100101001010010011010
0010001110110101100010000011001000100011101001001111100100000101
1100100100110001001110001111000010100010111000111100100101101110
0010010101001001011101101100111011100110001101101011010100000110
0010101011000110001100010100010011101111100010000000100010111000
1101011010100010111011000111100011111111001111000100011110010001
0000001010000000101111110000101010111000001011010110111111111001
0001000001110000010011010011001101101010010101011010000011011111
1100111010011010111011011001100110001011000011001110000010101001
1100110011111101000010101101001100000110100011100110010000101101
1100110001111000010100000010011111001111111111000111111001100011
1101101100011001010111111000010000000100011100111101001100000000
1111100001000100011111000110010000101111110000101010001010110100
1101100111011000100000011110111001001000111010000100001100100111
1111011001110001110100111010100000111011011100011100111100111100
1110011111010100000000100011000000001101011011010000000110100001
0010010101100111101010010001110101011110001010101101000110111000
0000001001011000010111110010001000010100000101101010100010011000
1100000101101001101000101000010110000110100000100011110111010011
0000101110010101001101010011111111000001111110110101001111001110
0000100101111001100001001010000001100110011000001011001000001111
0010100110011001010010010001011101110101001100010011010001010111
1110111111010101100010000101000010000000111101101101110100001100
1110000110000011100101011111010010001110100101001000101110110010
1100101110010111111101000110010011100100110011100001110110100011
1101010001110101111110001111100000111110111111110111101101100101
1111110111000011011111011110100001001000000011000011000110000100
1101011100111010011001011100110100001111010010010100101101000101
1111001010001100101001001010100100101111000001000101000000110101
1110011110100101001001000011001101101110011000001000010101000100
1101100101110100010110101000010000100100101000101011101011000001
1111110100111011001110011111011111100100011110011011000111101010
0010001101000110101011101100111001011110000010101110111001101111
1110011101100101111110011101010111100111100100111000000011000011
0010101110011011101000101001110010000110010001011101100111011110
1100011111001100011110101001011001001001100011001110010001010100
1101101111111100010100011110001011011010100101100010011001110100
1111110001101101110111110011100010101111000001111011110100010000
0011111111011001001101010010000000101110100001000000010000111011
1101011101101111001011000000111111010011101000000100101100011010
