1101101110110101101011011010010111010011001111010001101110010110
0101110110101011011000000011110010111001111111000000110101001100
0001000010111001010010001100011010100011001111001010110110110000
0000000011101101000111100000100101000110010111010110111101101101
1111010101101010101001001011011001001100110000011000100001101111
0001100111001010010011111100100000011011011010001111110000010010
0011110011101100110111011110101110100001110110100011110101001010
1101111101000000111011101011100111110100001110100101000111010111
0011001100111001101111000010000000000011101011100011011101011111
1010010001100110101100001101111011001101110000100000011001101100
0000100110100101111010110011001000111000111110000011110111111010
1111100000110001111001101000010001010101110011001001101100010010
0000111100001001110101011110100100100000010011101101100000110101
1111110101000111010101101101010111100100010100000011000001000101
0100001000100110000001011011001100011010100010110100010011001101
1010001000110010011000001111100000000000000111110011101011000000
0011010111111110110110110000110100111100011000000110010100100001
0011101001000000111000100111101010001111111000000100100010001001
0100111100101101100001110111100101110001011101000100100001111110
1110101100000111011011010100111110011110000010010011001101110101
1111011101000000010111111101111110011011001000111011100011011000
0011000101100001101010010101010111111111101000000101110010011101
0101110010110011101110010101100011100000110111011100110011010101
0000010000100101111100110000101100001111111110100010111101111101
0010011100010111001001111000011001110101111111011100000111101011
0000111000111110001010011010110110111100000100000001101110010011
0100010000101010000101100101100010010111000011101100111101110100
1110011011111000110101100101001000101001001111101110011000101100
0000101110100100001110101101010100010000011001110011011010101010
0000110101110100001100011111011111001101110100101010111100111011
1100000000011000101101100011001100010101000011111101011001010111
1101100000111001011011101000011001101100111000110100100010010000
1110010101010001101100100101111100100011110010000111001011100011
0011100001010000101001101111000100110010100101111001000101100010
0010100100000101110011110101000111010110011101111100110110010101
1000111010010000011000100111110111101111000011111111010100110101
0000011011001111101000110110001111000101100111100010011000111111
0101100100010010000000000110011000100000000010110111100100001001
1111111100111010011001011011000001111111011000011010001101011001
0001100101110010101000010010110011111010111101100111111000111110
1111110111100000100001110111101101011110001110110100110111010110
1110001011001111011111011110000111101101000100101111000010110111
1100010000000000001101101010100010100001100100111000111111000111
1110111101001000111001111011011001111000101010000011010001100001
1101100101011111001110110111110001100001111111101010100101111101
0001010011011000100000111000101111110011001110111101110001001111
0011111100111101000001010001101010101100100010110001111011010010
0001001111000010001100100110000111100101000001100110010000000000
0001110001110111100100100001011010010011101110100000110101010011
1111110101000110110110000110111010010000110001010000101001010011
1110010011110011011110101011001001010011110000100111101111101101
0011111111111110001101100000111110000000101000111001101110110100
0011001100001111001110100111111101101010011000000000011100000001
0001101000000111000010111000101000111001011110110111000100010001
0000011111101000010001111000010111111111101011010001101001100100
0011110101110110000110011101100110110101110001001101101111000101
0000100011011011010101000011001001000111111110100001110011111100
0001101110101101011110010001011110111100101110011101101101010000
0011100000000100110011100010111000001000111111001100000101111000
0011100111001110101010001100101111101110010000011111010101110010
1111111011111000111101100110000011011111111110110011001001000101
1101100000011101000110100011110010110010010101011101101011001111
0001000111000101101000010011000111010000010001000010010000100110
1010110100111001011111100011101011111011100001001011001010111100
1100010110011001000110000010011101000011101011011100100101010100
0101101011100100000111010000001010000110101100110111011011010001
1100110110000000011111000011111100011001100001111100001110010101
0000001110101000101000010010101111001000100110111001011101111000
0011110101110101110000111100101110110011000111000110011101010100
0011010011101011110101111001001000111111110110001010011110110001
0010101100001000010000000100100000010110101110010111101100011111
1110110010100010111011001000001100011011001101100101111110011001
1100100011001001100111110100010011101111010111010111111000111110
0000001010011001001010100001010100000010001111111110010101010011
0010110111111101000101110010111111111101101011000000000111100110
1111101000111000000111110110100011111110100101001000110111101001
1110101000011110010000010101010010010110100100001011001110010010
0000001011001101110110001101100001111110010001011011011010111000
0011010000101111011010010000111010101101010101000111101110001111
1111011010010000001010111001100101001101001110010010001010110101
0010111101110110101110011100011101100101110110011011001100010101
1001101011111011010000000011101001010010100101101111111100111001
0001001011101010000111000110111100101111111101110100010011000110
0101101000100111011011110100101011010101001111101101101010110010
1111110000101000110110001011011001101111100111000011010010111100
0011110000000111101100000000100100010101110110011011000011111100
0011100000011111100001111110001101110000101000011111110001111100
0011111111110101110110110000111101000111011100101110110011010110
0001011000000100000001010001111000000011011010110010100001101111
0001001101100000110010101011000110101010000100100001101011010001
0000000001100011001100001010100001001011110111110110111001101011
0001101100101001111001000111100110010100001101110010101000101100
1011001100011000100010100101001000000101111110100111110100100001
0010110011100100001101101110110101011011101000100110010100000110
1101100010001110110100100010100110101010001100011001101111110001
0101101011000011000010011000100011100001000111110101110010110011
0011001101101110110001010001111101111000101101100100010010011101
0010101000010000110100011101111000101010111100001111110000001010
1100111001111111001001010001100010001101000100100111111100001010
0000101010011011101110100010001011110111000110110100000100111000
